from,to,vote_commun,loi_commun
Habib   David,Gosselin   Philippe,1,1
Habib   David,Breton   Xavier,1,1
Habib   David,Mazars   Stéphane,0,1
Habib   David,Boyer   Pascale,0,1
Habib   David,Valetta Ardisson   Alexandra,0,1
Habib   David,Blanchet   Christophe,0,1
Habib   David,Paris   Didier,0,1
Habib   David,Meunier   Frédérique,1,1
Habib   David,Balanant   Erwan,0,1
Habib   David,Poulliat   Éric,0,1
Habib   David,Ménard   Emmanuelle,1,1
Habib   David,Cloarec-Le Nabour   Christine,0,1
Habib   David,Abadie   Caroline,0,1
Habib   David,Mis   Jean-Michel,0,1
Habib   David,Borowczyk   Julien,0,1
Habib   David,Dubré-Chirat   Nicole,0,1
Habib   David,Bernalicis   Ugo,1,1
Habib   David,Thill   Agnès,0,1
Habib   David,Le Pen   Marine,1,1
Habib   David,Vichnievsky   Laurence,0,1
Habib   David,Rilhac   Cécile,0,1
Habib   David,Moutchou   Naïma,0,1
Habib   David,Ramadier   Alain,1,1
Habib   David,Gouffier-Cha   Guillaume,0,1
Habib   David,Degois   Typhanie,0,1
Habib   David,Le Gendre   Gilles,0,1
Habib   David,Terlier   Jean,0,1
Habib   David,Rupin   Pacôme,0,1
Habib   David,Avia   Laetitia,0,1
Habib   David,Fauvergue   Jean-Michel,0,1
Habib   David,Guerel   Émilie,0,1
Habib   David,Faucillon   Elsa,1,1
Habib   David,Braun-Pivet   Yaël,0,1
Habib   David,Rebeyrotte   Rémy,0,1
Habib   David,Savignat   Antoine,1,1
Gosselin   Philippe,Breton   Xavier,1,1
Gosselin   Philippe,Mazars   Stéphane,0,1
Gosselin   Philippe,Boyer   Pascale,0,1
Gosselin   Philippe,Valetta Ardisson   Alexandra,0,1
Gosselin   Philippe,Blanchet   Christophe,0,1
Gosselin   Philippe,Paris   Didier,0,1
Gosselin   Philippe,Meunier   Frédérique,1,1
Gosselin   Philippe,Balanant   Erwan,0,1
Gosselin   Philippe,Poulliat   Éric,0,1
Gosselin   Philippe,Ménard   Emmanuelle,1,1
Gosselin   Philippe,Cloarec-Le Nabour   Christine,0,1
Gosselin   Philippe,Abadie   Caroline,0,1
Gosselin   Philippe,Mis   Jean-Michel,0,1
Gosselin   Philippe,Borowczyk   Julien,0,1
Gosselin   Philippe,Dubré-Chirat   Nicole,0,1
Gosselin   Philippe,Bernalicis   Ugo,1,1
Gosselin   Philippe,Thill   Agnès,0,1
Gosselin   Philippe,Le Pen   Marine,1,1
Gosselin   Philippe,Vichnievsky   Laurence,0,1
Gosselin   Philippe,Rilhac   Cécile,0,1
Gosselin   Philippe,Moutchou   Naïma,0,1
Gosselin   Philippe,Ramadier   Alain,1,1
Gosselin   Philippe,Gouffier-Cha   Guillaume,0,1
Gosselin   Philippe,Degois   Typhanie,0,1
Gosselin   Philippe,Le Gendre   Gilles,0,1
Gosselin   Philippe,Terlier   Jean,0,1
Gosselin   Philippe,Rupin   Pacôme,0,1
Gosselin   Philippe,Avia   Laetitia,0,1
Gosselin   Philippe,Fauvergue   Jean-Michel,0,1
Gosselin   Philippe,Guerel   Émilie,0,1
Gosselin   Philippe,Faucillon   Elsa,1,1
Gosselin   Philippe,Braun-Pivet   Yaël,0,1
Gosselin   Philippe,Rebeyrotte   Rémy,0,1
Gosselin   Philippe,Savignat   Antoine,1,1
Breton   Xavier,Mazars   Stéphane,0,1
Breton   Xavier,Boyer   Pascale,0,1
Breton   Xavier,Valetta Ardisson   Alexandra,0,1
Breton   Xavier,Blanchet   Christophe,0,1
Breton   Xavier,Paris   Didier,0,1
Breton   Xavier,Meunier   Frédérique,1,1
Breton   Xavier,Balanant   Erwan,0,1
Breton   Xavier,Poulliat   Éric,0,1
Breton   Xavier,Ménard   Emmanuelle,1,1
Breton   Xavier,Cloarec-Le Nabour   Christine,0,1
Breton   Xavier,Abadie   Caroline,0,1
Breton   Xavier,Mis   Jean-Michel,0,1
Breton   Xavier,Borowczyk   Julien,0,1
Breton   Xavier,Dubré-Chirat   Nicole,0,1
Breton   Xavier,Bernalicis   Ugo,1,1
Breton   Xavier,Thill   Agnès,0,1
Breton   Xavier,Le Pen   Marine,1,1
Breton   Xavier,Vichnievsky   Laurence,0,1
Breton   Xavier,Rilhac   Cécile,0,1
Breton   Xavier,Moutchou   Naïma,0,1
Breton   Xavier,Ramadier   Alain,1,1
Breton   Xavier,Gouffier-Cha   Guillaume,0,1
Breton   Xavier,Degois   Typhanie,0,1
Breton   Xavier,Le Gendre   Gilles,0,1
Breton   Xavier,Terlier   Jean,0,1
Breton   Xavier,Rupin   Pacôme,0,1
Breton   Xavier,Avia   Laetitia,0,1
Breton   Xavier,Fauvergue   Jean-Michel,0,1
Breton   Xavier,Guerel   Émilie,0,1
Breton   Xavier,Faucillon   Elsa,1,1
Breton   Xavier,Braun-Pivet   Yaël,0,1
Breton   Xavier,Rebeyrotte   Rémy,0,1
Breton   Xavier,Savignat   Antoine,1,1
Mazars   Stéphane,Boyer   Pascale,1,1
Mazars   Stéphane,Valetta Ardisson   Alexandra,1,1
Mazars   Stéphane,Blanchet   Christophe,1,1
Mazars   Stéphane,Paris   Didier,1,1
Mazars   Stéphane,Meunier   Frédérique,0,1
Mazars   Stéphane,Balanant   Erwan,1,1
Mazars   Stéphane,Poulliat   Éric,1,1
Mazars   Stéphane,Ménard   Emmanuelle,0,1
Mazars   Stéphane,Cloarec-Le Nabour   Christine,1,1
Mazars   Stéphane,Abadie   Caroline,1,1
Mazars   Stéphane,Mis   Jean-Michel,1,1
Mazars   Stéphane,Borowczyk   Julien,1,1
Mazars   Stéphane,Dubré-Chirat   Nicole,1,1
Mazars   Stéphane,Bernalicis   Ugo,0,1
Mazars   Stéphane,Thill   Agnès,1,1
Mazars   Stéphane,Le Pen   Marine,0,1
Mazars   Stéphane,Vichnievsky   Laurence,1,1
Mazars   Stéphane,Rilhac   Cécile,1,1
Mazars   Stéphane,Moutchou   Naïma,1,1
Mazars   Stéphane,Ramadier   Alain,0,1
Mazars   Stéphane,Gouffier-Cha   Guillaume,1,1
Mazars   Stéphane,Degois   Typhanie,1,1
Mazars   Stéphane,Le Gendre   Gilles,1,1
Mazars   Stéphane,Terlier   Jean,1,1
Mazars   Stéphane,Rupin   Pacôme,1,1
Mazars   Stéphane,Avia   Laetitia,1,1
Mazars   Stéphane,Fauvergue   Jean-Michel,1,1
Mazars   Stéphane,Guerel   Émilie,1,1
Mazars   Stéphane,Faucillon   Elsa,0,1
Mazars   Stéphane,Braun-Pivet   Yaël,1,1
Mazars   Stéphane,Rebeyrotte   Rémy,1,1
Mazars   Stéphane,Savignat   Antoine,0,1
Boyer   Pascale,Valetta Ardisson   Alexandra,1,1
Boyer   Pascale,Blanchet   Christophe,1,1
Boyer   Pascale,Paris   Didier,1,1
Boyer   Pascale,Meunier   Frédérique,0,1
Boyer   Pascale,Balanant   Erwan,1,1
Boyer   Pascale,Poulliat   Éric,1,1
Boyer   Pascale,Ménard   Emmanuelle,0,1
Boyer   Pascale,Cloarec-Le Nabour   Christine,1,1
Boyer   Pascale,Abadie   Caroline,1,1
Boyer   Pascale,Mis   Jean-Michel,1,1
Boyer   Pascale,Borowczyk   Julien,1,1
Boyer   Pascale,Dubré-Chirat   Nicole,1,1
Boyer   Pascale,Bernalicis   Ugo,0,1
Boyer   Pascale,Thill   Agnès,1,1
Boyer   Pascale,Le Pen   Marine,0,1
Boyer   Pascale,Vichnievsky   Laurence,1,1
Boyer   Pascale,Rilhac   Cécile,1,1
Boyer   Pascale,Moutchou   Naïma,1,1
Boyer   Pascale,Ramadier   Alain,0,1
Boyer   Pascale,Gouffier-Cha   Guillaume,1,1
Boyer   Pascale,Degois   Typhanie,1,1
Boyer   Pascale,Le Gendre   Gilles,1,1
Boyer   Pascale,Terlier   Jean,1,1
Boyer   Pascale,Rupin   Pacôme,1,1
Boyer   Pascale,Avia   Laetitia,1,1
Boyer   Pascale,Fauvergue   Jean-Michel,1,1
Boyer   Pascale,Guerel   Émilie,1,1
Boyer   Pascale,Faucillon   Elsa,0,1
Boyer   Pascale,Braun-Pivet   Yaël,1,1
Boyer   Pascale,Rebeyrotte   Rémy,1,1
Boyer   Pascale,Savignat   Antoine,0,1
Valetta Ardisson   Alexandra,Blanchet   Christophe,1,1
Valetta Ardisson   Alexandra,Paris   Didier,1,1
Valetta Ardisson   Alexandra,Meunier   Frédérique,0,1
Valetta Ardisson   Alexandra,Balanant   Erwan,1,1
Valetta Ardisson   Alexandra,Poulliat   Éric,1,1
Valetta Ardisson   Alexandra,Ménard   Emmanuelle,0,1
Valetta Ardisson   Alexandra,Cloarec-Le Nabour   Christine,1,1
Valetta Ardisson   Alexandra,Abadie   Caroline,1,1
Valetta Ardisson   Alexandra,Mis   Jean-Michel,1,1
Valetta Ardisson   Alexandra,Borowczyk   Julien,1,1
Valetta Ardisson   Alexandra,Dubré-Chirat   Nicole,1,1
Valetta Ardisson   Alexandra,Bernalicis   Ugo,0,1
Valetta Ardisson   Alexandra,Thill   Agnès,1,1
Valetta Ardisson   Alexandra,Le Pen   Marine,0,1
Valetta Ardisson   Alexandra,Vichnievsky   Laurence,1,1
Valetta Ardisson   Alexandra,Rilhac   Cécile,1,1
Valetta Ardisson   Alexandra,Moutchou   Naïma,1,1
Valetta Ardisson   Alexandra,Ramadier   Alain,0,1
Valetta Ardisson   Alexandra,Gouffier-Cha   Guillaume,1,1
Valetta Ardisson   Alexandra,Degois   Typhanie,1,1
Valetta Ardisson   Alexandra,Le Gendre   Gilles,1,1
Valetta Ardisson   Alexandra,Terlier   Jean,1,1
Valetta Ardisson   Alexandra,Rupin   Pacôme,1,1
Valetta Ardisson   Alexandra,Avia   Laetitia,1,1
Valetta Ardisson   Alexandra,Fauvergue   Jean-Michel,1,1
Valetta Ardisson   Alexandra,Guerel   Émilie,1,1
Valetta Ardisson   Alexandra,Faucillon   Elsa,0,1
Valetta Ardisson   Alexandra,Braun-Pivet   Yaël,1,1
Valetta Ardisson   Alexandra,Rebeyrotte   Rémy,1,1
Valetta Ardisson   Alexandra,Savignat   Antoine,0,1
Blanchet   Christophe,Paris   Didier,1,1
Blanchet   Christophe,Meunier   Frédérique,0,1
Blanchet   Christophe,Balanant   Erwan,1,1
Blanchet   Christophe,Poulliat   Éric,1,1
Blanchet   Christophe,Ménard   Emmanuelle,0,1
Blanchet   Christophe,Cloarec-Le Nabour   Christine,1,1
Blanchet   Christophe,Abadie   Caroline,1,1
Blanchet   Christophe,Mis   Jean-Michel,1,1
Blanchet   Christophe,Borowczyk   Julien,1,1
Blanchet   Christophe,Dubré-Chirat   Nicole,1,1
Blanchet   Christophe,Bernalicis   Ugo,0,1
Blanchet   Christophe,Thill   Agnès,1,1
Blanchet   Christophe,Le Pen   Marine,0,1
Blanchet   Christophe,Vichnievsky   Laurence,1,1
Blanchet   Christophe,Rilhac   Cécile,1,1
Blanchet   Christophe,Moutchou   Naïma,1,1
Blanchet   Christophe,Ramadier   Alain,0,1
Blanchet   Christophe,Gouffier-Cha   Guillaume,1,1
Blanchet   Christophe,Degois   Typhanie,1,1
Blanchet   Christophe,Le Gendre   Gilles,1,1
Blanchet   Christophe,Terlier   Jean,1,1
Blanchet   Christophe,Rupin   Pacôme,1,1
Blanchet   Christophe,Avia   Laetitia,1,1
Blanchet   Christophe,Fauvergue   Jean-Michel,1,1
Blanchet   Christophe,Guerel   Émilie,1,1
Blanchet   Christophe,Faucillon   Elsa,0,1
Blanchet   Christophe,Braun-Pivet   Yaël,1,1
Blanchet   Christophe,Rebeyrotte   Rémy,1,1
Blanchet   Christophe,Savignat   Antoine,0,1
Paris   Didier,Meunier   Frédérique,0,1
Paris   Didier,Balanant   Erwan,1,1
Paris   Didier,Poulliat   Éric,1,1
Paris   Didier,Ménard   Emmanuelle,0,1
Paris   Didier,Cloarec-Le Nabour   Christine,1,1
Paris   Didier,Abadie   Caroline,1,1
Paris   Didier,Mis   Jean-Michel,1,1
Paris   Didier,Borowczyk   Julien,1,1
Paris   Didier,Dubré-Chirat   Nicole,1,1
Paris   Didier,Bernalicis   Ugo,0,1
Paris   Didier,Thill   Agnès,1,1
Paris   Didier,Le Pen   Marine,0,1
Paris   Didier,Vichnievsky   Laurence,1,1
Paris   Didier,Rilhac   Cécile,1,1
Paris   Didier,Moutchou   Naïma,1,1
Paris   Didier,Ramadier   Alain,0,1
Paris   Didier,Gouffier-Cha   Guillaume,1,1
Paris   Didier,Degois   Typhanie,1,1
Paris   Didier,Le Gendre   Gilles,1,1
Paris   Didier,Terlier   Jean,1,1
Paris   Didier,Rupin   Pacôme,1,1
Paris   Didier,Avia   Laetitia,1,1
Paris   Didier,Fauvergue   Jean-Michel,1,1
Paris   Didier,Guerel   Émilie,1,1
Paris   Didier,Faucillon   Elsa,0,1
Paris   Didier,Braun-Pivet   Yaël,1,1
Paris   Didier,Rebeyrotte   Rémy,1,1
Paris   Didier,Savignat   Antoine,0,1
Meunier   Frédérique,Balanant   Erwan,0,1
Meunier   Frédérique,Poulliat   Éric,0,1
Meunier   Frédérique,Ménard   Emmanuelle,1,1
Meunier   Frédérique,Cloarec-Le Nabour   Christine,0,1
Meunier   Frédérique,Abadie   Caroline,0,1
Meunier   Frédérique,Mis   Jean-Michel,0,1
Meunier   Frédérique,Borowczyk   Julien,0,1
Meunier   Frédérique,Dubré-Chirat   Nicole,0,1
Meunier   Frédérique,Bernalicis   Ugo,1,1
Meunier   Frédérique,Thill   Agnès,0,1
Meunier   Frédérique,Le Pen   Marine,1,1
Meunier   Frédérique,Vichnievsky   Laurence,0,1
Meunier   Frédérique,Rilhac   Cécile,0,1
Meunier   Frédérique,Moutchou   Naïma,0,1
Meunier   Frédérique,Ramadier   Alain,1,1
Meunier   Frédérique,Gouffier-Cha   Guillaume,0,1
Meunier   Frédérique,Degois   Typhanie,0,1
Meunier   Frédérique,Le Gendre   Gilles,0,1
Meunier   Frédérique,Terlier   Jean,0,1
Meunier   Frédérique,Rupin   Pacôme,0,1
Meunier   Frédérique,Avia   Laetitia,0,1
Meunier   Frédérique,Fauvergue   Jean-Michel,0,1
Meunier   Frédérique,Guerel   Émilie,0,1
Meunier   Frédérique,Faucillon   Elsa,1,1
Meunier   Frédérique,Braun-Pivet   Yaël,0,1
Meunier   Frédérique,Rebeyrotte   Rémy,0,1
Meunier   Frédérique,Savignat   Antoine,1,1
Balanant   Erwan,Poulliat   Éric,1,1
Balanant   Erwan,Ménard   Emmanuelle,0,1
Balanant   Erwan,Cloarec-Le Nabour   Christine,1,1
Balanant   Erwan,Abadie   Caroline,1,1
Balanant   Erwan,Mis   Jean-Michel,1,1
Balanant   Erwan,Borowczyk   Julien,1,1
Balanant   Erwan,Dubré-Chirat   Nicole,1,1
Balanant   Erwan,Bernalicis   Ugo,0,1
Balanant   Erwan,Thill   Agnès,1,1
Balanant   Erwan,Le Pen   Marine,0,1
Balanant   Erwan,Vichnievsky   Laurence,1,1
Balanant   Erwan,Rilhac   Cécile,1,1
Balanant   Erwan,Moutchou   Naïma,1,1
Balanant   Erwan,Ramadier   Alain,0,1
Balanant   Erwan,Gouffier-Cha   Guillaume,1,1
Balanant   Erwan,Degois   Typhanie,1,1
Balanant   Erwan,Le Gendre   Gilles,1,1
Balanant   Erwan,Terlier   Jean,1,1
Balanant   Erwan,Rupin   Pacôme,1,1
Balanant   Erwan,Avia   Laetitia,1,1
Balanant   Erwan,Fauvergue   Jean-Michel,1,1
Balanant   Erwan,Guerel   Émilie,1,1
Balanant   Erwan,Faucillon   Elsa,0,1
Balanant   Erwan,Braun-Pivet   Yaël,1,1
Balanant   Erwan,Rebeyrotte   Rémy,1,1
Balanant   Erwan,Savignat   Antoine,0,1
Poulliat   Éric,Ménard   Emmanuelle,0,1
Poulliat   Éric,Cloarec-Le Nabour   Christine,1,1
Poulliat   Éric,Abadie   Caroline,1,1
Poulliat   Éric,Mis   Jean-Michel,1,1
Poulliat   Éric,Borowczyk   Julien,1,1
Poulliat   Éric,Dubré-Chirat   Nicole,1,1
Poulliat   Éric,Bernalicis   Ugo,0,1
Poulliat   Éric,Thill   Agnès,1,1
Poulliat   Éric,Le Pen   Marine,0,1
Poulliat   Éric,Vichnievsky   Laurence,1,1
Poulliat   Éric,Rilhac   Cécile,1,1
Poulliat   Éric,Moutchou   Naïma,1,1
Poulliat   Éric,Ramadier   Alain,0,1
Poulliat   Éric,Gouffier-Cha   Guillaume,1,1
Poulliat   Éric,Degois   Typhanie,1,1
Poulliat   Éric,Le Gendre   Gilles,1,1
Poulliat   Éric,Terlier   Jean,1,1
Poulliat   Éric,Rupin   Pacôme,1,1
Poulliat   Éric,Avia   Laetitia,1,1
Poulliat   Éric,Fauvergue   Jean-Michel,1,1
Poulliat   Éric,Guerel   Émilie,1,1
Poulliat   Éric,Faucillon   Elsa,0,1
Poulliat   Éric,Braun-Pivet   Yaël,1,1
Poulliat   Éric,Rebeyrotte   Rémy,1,1
Poulliat   Éric,Savignat   Antoine,0,1
Ménard   Emmanuelle,Cloarec-Le Nabour   Christine,0,1
Ménard   Emmanuelle,Abadie   Caroline,0,1
Ménard   Emmanuelle,Mis   Jean-Michel,0,1
Ménard   Emmanuelle,Borowczyk   Julien,0,1
Ménard   Emmanuelle,Dubré-Chirat   Nicole,0,1
Ménard   Emmanuelle,Bernalicis   Ugo,1,1
Ménard   Emmanuelle,Thill   Agnès,0,1
Ménard   Emmanuelle,Le Pen   Marine,1,1
Ménard   Emmanuelle,Vichnievsky   Laurence,0,1
Ménard   Emmanuelle,Rilhac   Cécile,0,1
Ménard   Emmanuelle,Moutchou   Naïma,0,1
Ménard   Emmanuelle,Ramadier   Alain,1,1
Ménard   Emmanuelle,Gouffier-Cha   Guillaume,0,1
Ménard   Emmanuelle,Degois   Typhanie,0,1
Ménard   Emmanuelle,Le Gendre   Gilles,0,1
Ménard   Emmanuelle,Terlier   Jean,0,1
Ménard   Emmanuelle,Rupin   Pacôme,0,1
Ménard   Emmanuelle,Avia   Laetitia,0,1
Ménard   Emmanuelle,Fauvergue   Jean-Michel,0,1
Ménard   Emmanuelle,Guerel   Émilie,0,1
Ménard   Emmanuelle,Faucillon   Elsa,1,1
Ménard   Emmanuelle,Braun-Pivet   Yaël,0,1
Ménard   Emmanuelle,Rebeyrotte   Rémy,0,1
Ménard   Emmanuelle,Savignat   Antoine,1,1
Cloarec-Le Nabour   Christine,Abadie   Caroline,1,1
Cloarec-Le Nabour   Christine,Mis   Jean-Michel,1,1
Cloarec-Le Nabour   Christine,Borowczyk   Julien,1,1
Cloarec-Le Nabour   Christine,Dubré-Chirat   Nicole,1,1
Cloarec-Le Nabour   Christine,Bernalicis   Ugo,0,1
Cloarec-Le Nabour   Christine,Thill   Agnès,1,1
Cloarec-Le Nabour   Christine,Le Pen   Marine,0,1
Cloarec-Le Nabour   Christine,Vichnievsky   Laurence,1,1
Cloarec-Le Nabour   Christine,Rilhac   Cécile,1,1
Cloarec-Le Nabour   Christine,Moutchou   Naïma,1,1
Cloarec-Le Nabour   Christine,Ramadier   Alain,0,1
Cloarec-Le Nabour   Christine,Gouffier-Cha   Guillaume,1,1
Cloarec-Le Nabour   Christine,Degois   Typhanie,1,1
Cloarec-Le Nabour   Christine,Le Gendre   Gilles,1,1
Cloarec-Le Nabour   Christine,Terlier   Jean,1,1
Cloarec-Le Nabour   Christine,Rupin   Pacôme,1,1
Cloarec-Le Nabour   Christine,Avia   Laetitia,1,1
Cloarec-Le Nabour   Christine,Fauvergue   Jean-Michel,1,1
Cloarec-Le Nabour   Christine,Guerel   Émilie,1,1
Cloarec-Le Nabour   Christine,Faucillon   Elsa,0,1
Cloarec-Le Nabour   Christine,Braun-Pivet   Yaël,1,1
Cloarec-Le Nabour   Christine,Rebeyrotte   Rémy,1,1
Cloarec-Le Nabour   Christine,Savignat   Antoine,0,1
Abadie   Caroline,Mis   Jean-Michel,1,1
Abadie   Caroline,Borowczyk   Julien,1,1
Abadie   Caroline,Dubré-Chirat   Nicole,1,1
Abadie   Caroline,Bernalicis   Ugo,0,1
Abadie   Caroline,Thill   Agnès,1,1
Abadie   Caroline,Le Pen   Marine,0,1
Abadie   Caroline,Vichnievsky   Laurence,1,1
Abadie   Caroline,Rilhac   Cécile,1,1
Abadie   Caroline,Moutchou   Naïma,1,1
Abadie   Caroline,Ramadier   Alain,0,1
Abadie   Caroline,Gouffier-Cha   Guillaume,1,1
Abadie   Caroline,Degois   Typhanie,1,1
Abadie   Caroline,Le Gendre   Gilles,1,1
Abadie   Caroline,Terlier   Jean,1,1
Abadie   Caroline,Rupin   Pacôme,1,1
Abadie   Caroline,Avia   Laetitia,1,1
Abadie   Caroline,Fauvergue   Jean-Michel,1,1
Abadie   Caroline,Guerel   Émilie,1,1
Abadie   Caroline,Faucillon   Elsa,0,1
Abadie   Caroline,Braun-Pivet   Yaël,1,1
Abadie   Caroline,Rebeyrotte   Rémy,1,1
Abadie   Caroline,Savignat   Antoine,0,1
Mis   Jean-Michel,Borowczyk   Julien,1,1
Mis   Jean-Michel,Dubré-Chirat   Nicole,1,1
Mis   Jean-Michel,Bernalicis   Ugo,0,1
Mis   Jean-Michel,Thill   Agnès,1,1
Mis   Jean-Michel,Le Pen   Marine,0,1
Mis   Jean-Michel,Vichnievsky   Laurence,1,1
Mis   Jean-Michel,Rilhac   Cécile,1,1
Mis   Jean-Michel,Moutchou   Naïma,1,1
Mis   Jean-Michel,Ramadier   Alain,0,1
Mis   Jean-Michel,Gouffier-Cha   Guillaume,1,1
Mis   Jean-Michel,Degois   Typhanie,1,1
Mis   Jean-Michel,Le Gendre   Gilles,1,1
Mis   Jean-Michel,Terlier   Jean,1,1
Mis   Jean-Michel,Rupin   Pacôme,1,1
Mis   Jean-Michel,Avia   Laetitia,1,1
Mis   Jean-Michel,Fauvergue   Jean-Michel,1,1
Mis   Jean-Michel,Guerel   Émilie,1,1
Mis   Jean-Michel,Faucillon   Elsa,0,1
Mis   Jean-Michel,Braun-Pivet   Yaël,1,1
Mis   Jean-Michel,Rebeyrotte   Rémy,1,1
Mis   Jean-Michel,Savignat   Antoine,0,1
Borowczyk   Julien,Dubré-Chirat   Nicole,1,1
Borowczyk   Julien,Bernalicis   Ugo,0,1
Borowczyk   Julien,Thill   Agnès,1,1
Borowczyk   Julien,Le Pen   Marine,0,1
Borowczyk   Julien,Vichnievsky   Laurence,1,1
Borowczyk   Julien,Rilhac   Cécile,1,1
Borowczyk   Julien,Moutchou   Naïma,1,1
Borowczyk   Julien,Ramadier   Alain,0,1
Borowczyk   Julien,Gouffier-Cha   Guillaume,1,1
Borowczyk   Julien,Degois   Typhanie,1,1
Borowczyk   Julien,Le Gendre   Gilles,1,1
Borowczyk   Julien,Terlier   Jean,1,1
Borowczyk   Julien,Rupin   Pacôme,1,1
Borowczyk   Julien,Avia   Laetitia,1,1
Borowczyk   Julien,Fauvergue   Jean-Michel,1,1
Borowczyk   Julien,Guerel   Émilie,1,1
Borowczyk   Julien,Faucillon   Elsa,0,1
Borowczyk   Julien,Braun-Pivet   Yaël,1,1
Borowczyk   Julien,Rebeyrotte   Rémy,1,1
Borowczyk   Julien,Savignat   Antoine,0,1
Dubré-Chirat   Nicole,Bernalicis   Ugo,0,1
Dubré-Chirat   Nicole,Thill   Agnès,1,1
Dubré-Chirat   Nicole,Le Pen   Marine,0,1
Dubré-Chirat   Nicole,Vichnievsky   Laurence,1,1
Dubré-Chirat   Nicole,Rilhac   Cécile,1,1
Dubré-Chirat   Nicole,Moutchou   Naïma,1,1
Dubré-Chirat   Nicole,Ramadier   Alain,0,1
Dubré-Chirat   Nicole,Gouffier-Cha   Guillaume,1,1
Dubré-Chirat   Nicole,Degois   Typhanie,1,1
Dubré-Chirat   Nicole,Le Gendre   Gilles,1,1
Dubré-Chirat   Nicole,Terlier   Jean,1,1
Dubré-Chirat   Nicole,Rupin   Pacôme,1,1
Dubré-Chirat   Nicole,Avia   Laetitia,1,1
Dubré-Chirat   Nicole,Fauvergue   Jean-Michel,1,1
Dubré-Chirat   Nicole,Guerel   Émilie,1,1
Dubré-Chirat   Nicole,Faucillon   Elsa,0,1
Dubré-Chirat   Nicole,Braun-Pivet   Yaël,1,1
Dubré-Chirat   Nicole,Rebeyrotte   Rémy,1,1
Dubré-Chirat   Nicole,Savignat   Antoine,0,1
Bernalicis   Ugo,Thill   Agnès,0,1
Bernalicis   Ugo,Le Pen   Marine,1,1
Bernalicis   Ugo,Vichnievsky   Laurence,0,1
Bernalicis   Ugo,Rilhac   Cécile,0,1
Bernalicis   Ugo,Moutchou   Naïma,0,1
Bernalicis   Ugo,Ramadier   Alain,1,1
Bernalicis   Ugo,Gouffier-Cha   Guillaume,0,1
Bernalicis   Ugo,Degois   Typhanie,0,1
Bernalicis   Ugo,Le Gendre   Gilles,0,1
Bernalicis   Ugo,Terlier   Jean,0,1
Bernalicis   Ugo,Rupin   Pacôme,0,1
Bernalicis   Ugo,Avia   Laetitia,0,1
Bernalicis   Ugo,Fauvergue   Jean-Michel,0,1
Bernalicis   Ugo,Guerel   Émilie,0,1
Bernalicis   Ugo,Faucillon   Elsa,1,1
Bernalicis   Ugo,Braun-Pivet   Yaël,0,1
Bernalicis   Ugo,Rebeyrotte   Rémy,0,1
Bernalicis   Ugo,Savignat   Antoine,1,1
Thill   Agnès,Le Pen   Marine,0,1
Thill   Agnès,Vichnievsky   Laurence,1,1
Thill   Agnès,Rilhac   Cécile,1,1
Thill   Agnès,Moutchou   Naïma,1,1
Thill   Agnès,Ramadier   Alain,0,1
Thill   Agnès,Gouffier-Cha   Guillaume,1,1
Thill   Agnès,Degois   Typhanie,1,1
Thill   Agnès,Le Gendre   Gilles,1,1
Thill   Agnès,Terlier   Jean,1,1
Thill   Agnès,Rupin   Pacôme,1,1
Thill   Agnès,Avia   Laetitia,1,1
Thill   Agnès,Fauvergue   Jean-Michel,1,1
Thill   Agnès,Guerel   Émilie,1,1
Thill   Agnès,Faucillon   Elsa,0,1
Thill   Agnès,Braun-Pivet   Yaël,1,1
Thill   Agnès,Rebeyrotte   Rémy,1,1
Thill   Agnès,Savignat   Antoine,0,1
Le Pen   Marine,Vichnievsky   Laurence,0,1
Le Pen   Marine,Rilhac   Cécile,0,1
Le Pen   Marine,Moutchou   Naïma,0,1
Le Pen   Marine,Ramadier   Alain,1,1
Le Pen   Marine,Gouffier-Cha   Guillaume,0,1
Le Pen   Marine,Degois   Typhanie,0,1
Le Pen   Marine,Le Gendre   Gilles,0,1
Le Pen   Marine,Terlier   Jean,0,1
Le Pen   Marine,Rupin   Pacôme,0,1
Le Pen   Marine,Avia   Laetitia,0,1
Le Pen   Marine,Fauvergue   Jean-Michel,0,1
Le Pen   Marine,Guerel   Émilie,0,1
Le Pen   Marine,Faucillon   Elsa,1,1
Le Pen   Marine,Braun-Pivet   Yaël,0,1
Le Pen   Marine,Rebeyrotte   Rémy,0,1
Le Pen   Marine,Savignat   Antoine,1,1
Vichnievsky   Laurence,Rilhac   Cécile,1,1
Vichnievsky   Laurence,Moutchou   Naïma,1,1
Vichnievsky   Laurence,Ramadier   Alain,0,1
Vichnievsky   Laurence,Gouffier-Cha   Guillaume,1,1
Vichnievsky   Laurence,Degois   Typhanie,1,1
Vichnievsky   Laurence,Le Gendre   Gilles,1,1
Vichnievsky   Laurence,Terlier   Jean,1,1
Vichnievsky   Laurence,Rupin   Pacôme,1,1
Vichnievsky   Laurence,Avia   Laetitia,1,1
Vichnievsky   Laurence,Fauvergue   Jean-Michel,1,1
Vichnievsky   Laurence,Guerel   Émilie,1,1
Vichnievsky   Laurence,Faucillon   Elsa,0,1
Vichnievsky   Laurence,Braun-Pivet   Yaël,1,1
Vichnievsky   Laurence,Rebeyrotte   Rémy,1,1
Vichnievsky   Laurence,Savignat   Antoine,0,1
Rilhac   Cécile,Moutchou   Naïma,1,1
Rilhac   Cécile,Ramadier   Alain,0,1
Rilhac   Cécile,Gouffier-Cha   Guillaume,1,1
Rilhac   Cécile,Degois   Typhanie,1,1
Rilhac   Cécile,Le Gendre   Gilles,1,1
Rilhac   Cécile,Terlier   Jean,1,1
Rilhac   Cécile,Rupin   Pacôme,1,1
Rilhac   Cécile,Avia   Laetitia,1,1
Rilhac   Cécile,Fauvergue   Jean-Michel,1,1
Rilhac   Cécile,Guerel   Émilie,1,1
Rilhac   Cécile,Faucillon   Elsa,0,1
Rilhac   Cécile,Braun-Pivet   Yaël,1,1
Rilhac   Cécile,Rebeyrotte   Rémy,1,1
Rilhac   Cécile,Savignat   Antoine,0,1
Moutchou   Naïma,Ramadier   Alain,0,1
Moutchou   Naïma,Gouffier-Cha   Guillaume,1,1
Moutchou   Naïma,Degois   Typhanie,1,1
Moutchou   Naïma,Le Gendre   Gilles,1,1
Moutchou   Naïma,Terlier   Jean,1,1
Moutchou   Naïma,Rupin   Pacôme,1,1
Moutchou   Naïma,Avia   Laetitia,1,1
Moutchou   Naïma,Fauvergue   Jean-Michel,1,1
Moutchou   Naïma,Guerel   Émilie,1,1
Moutchou   Naïma,Faucillon   Elsa,0,1
Moutchou   Naïma,Braun-Pivet   Yaël,1,1
Moutchou   Naïma,Rebeyrotte   Rémy,1,1
Moutchou   Naïma,Savignat   Antoine,0,1
Ramadier   Alain,Gouffier-Cha   Guillaume,0,1
Ramadier   Alain,Degois   Typhanie,0,1
Ramadier   Alain,Le Gendre   Gilles,0,1
Ramadier   Alain,Terlier   Jean,0,1
Ramadier   Alain,Rupin   Pacôme,0,1
Ramadier   Alain,Avia   Laetitia,0,1
Ramadier   Alain,Fauvergue   Jean-Michel,0,1
Ramadier   Alain,Guerel   Émilie,0,1
Ramadier   Alain,Faucillon   Elsa,1,1
Ramadier   Alain,Braun-Pivet   Yaël,0,1
Ramadier   Alain,Rebeyrotte   Rémy,0,1
Ramadier   Alain,Savignat   Antoine,1,1
Gouffier-Cha   Guillaume,Degois   Typhanie,1,1
Gouffier-Cha   Guillaume,Le Gendre   Gilles,1,1
Gouffier-Cha   Guillaume,Terlier   Jean,1,1
Gouffier-Cha   Guillaume,Rupin   Pacôme,1,1
Gouffier-Cha   Guillaume,Avia   Laetitia,1,1
Gouffier-Cha   Guillaume,Fauvergue   Jean-Michel,1,1
Gouffier-Cha   Guillaume,Guerel   Émilie,1,1
Gouffier-Cha   Guillaume,Faucillon   Elsa,0,1
Gouffier-Cha   Guillaume,Braun-Pivet   Yaël,1,1
Gouffier-Cha   Guillaume,Rebeyrotte   Rémy,1,1
Gouffier-Cha   Guillaume,Savignat   Antoine,0,1
Degois   Typhanie,Le Gendre   Gilles,1,1
Degois   Typhanie,Terlier   Jean,1,1
Degois   Typhanie,Rupin   Pacôme,1,1
Degois   Typhanie,Avia   Laetitia,1,1
Degois   Typhanie,Fauvergue   Jean-Michel,1,1
Degois   Typhanie,Guerel   Émilie,1,1
Degois   Typhanie,Faucillon   Elsa,0,1
Degois   Typhanie,Braun-Pivet   Yaël,1,1
Degois   Typhanie,Rebeyrotte   Rémy,1,1
Degois   Typhanie,Savignat   Antoine,0,1
Le Gendre   Gilles,Terlier   Jean,1,1
Le Gendre   Gilles,Rupin   Pacôme,1,1
Le Gendre   Gilles,Avia   Laetitia,1,1
Le Gendre   Gilles,Fauvergue   Jean-Michel,1,1
Le Gendre   Gilles,Guerel   Émilie,1,1
Le Gendre   Gilles,Faucillon   Elsa,0,1
Le Gendre   Gilles,Braun-Pivet   Yaël,1,1
Le Gendre   Gilles,Rebeyrotte   Rémy,1,1
Le Gendre   Gilles,Savignat   Antoine,0,1
Terlier   Jean,Rupin   Pacôme,1,1
Terlier   Jean,Avia   Laetitia,1,1
Terlier   Jean,Fauvergue   Jean-Michel,1,1
Terlier   Jean,Guerel   Émilie,1,1
Terlier   Jean,Faucillon   Elsa,0,1
Terlier   Jean,Braun-Pivet   Yaël,1,1
Terlier   Jean,Rebeyrotte   Rémy,1,1
Terlier   Jean,Savignat   Antoine,0,1
Rupin   Pacôme,Avia   Laetitia,1,1
Rupin   Pacôme,Fauvergue   Jean-Michel,1,1
Rupin   Pacôme,Guerel   Émilie,1,1
Rupin   Pacôme,Faucillon   Elsa,0,1
Rupin   Pacôme,Braun-Pivet   Yaël,1,1
Rupin   Pacôme,Rebeyrotte   Rémy,1,1
Rupin   Pacôme,Savignat   Antoine,0,1
Avia   Laetitia,Fauvergue   Jean-Michel,1,1
Avia   Laetitia,Guerel   Émilie,1,1
Avia   Laetitia,Faucillon   Elsa,0,1
Avia   Laetitia,Braun-Pivet   Yaël,1,1
Avia   Laetitia,Rebeyrotte   Rémy,1,1
Avia   Laetitia,Savignat   Antoine,0,1
Fauvergue   Jean-Michel,Guerel   Émilie,1,1
Fauvergue   Jean-Michel,Faucillon   Elsa,0,1
Fauvergue   Jean-Michel,Braun-Pivet   Yaël,1,1
Fauvergue   Jean-Michel,Rebeyrotte   Rémy,1,1
Fauvergue   Jean-Michel,Savignat   Antoine,0,1
Guerel   Émilie,Faucillon   Elsa,0,1
Guerel   Émilie,Braun-Pivet   Yaël,1,1
Guerel   Émilie,Rebeyrotte   Rémy,1,1
Guerel   Émilie,Savignat   Antoine,0,1
Faucillon   Elsa,Braun-Pivet   Yaël,0,1
Faucillon   Elsa,Rebeyrotte   Rémy,0,1
Faucillon   Elsa,Savignat   Antoine,1,1
Braun-Pivet   Yaël,Rebeyrotte   Rémy,1,1
Braun-Pivet   Yaël,Savignat   Antoine,0,1
Rebeyrotte   Rémy,Savignat   Antoine,0,1
